conserved	specific	contigs	genome_size
public_100006	2392	10	21	5201275
public_10019	2335	9	50	5208939
public_100445	2401	10	491	5159902
public_100485	2200	10	47	5087927
public_100726	2383	10	408	4938310
public_10097	2388	8	132	5097208
public_101308	2213	10	2651	4896555
public_101353	2200	9	504	5319239
public_101474	2352	10	299	5383954
public_1015	2376	10	43	4692989
public_101744	1966	7	43	4967159
public_102602	2384	10	96	5306628
public_102747	2350	10	425	5207549
public_103055	2377	10	149	5101828
public_103117	2361	10	127	5063872
public_103294	2401	10	17	5375989
public_103339	2401	10	113	5362601
public_10335	2408	10	2	5355323
public_103585	2384	10	41	5251439
public_103630	2393	10	142	5161746
public_103771	2401	10	100	4981218
public_103775	2162	10	169	5095530
public_103914	2356	10	543	5371620
public_104059	2324	3	845	6002113
public_104255	2390	10	26	5185670
public_104455	2349	10	130	4448831
public_104711	2392	10	77	5286765
public_1049	2328	10	46	5174663
public_105002	2409	10	190	5416289
public_105024	2220	10	50	5224895
public_105059	2334	9	368	5417010
public_105062	2208	10	191	5020687
public_10507	2398	10	37	4989407
public_105101	2370	10	300	5362973
public_105197	2391	10	37	4688704
public_105273	2381	10	844	5179863
public_105830	2386	10	437	5315793
public_106259	2234	10	140	5326791
public_106310	2215	10	157	5327261
public_106366	2361	10	130	5241402
public_106619	2216	10	179	4736152
public_106676	2378	10	198	5045120
public_106836	2356	9	119	5099128
public_106885	2199	10	44	5022732
public_106895	2366	10	141	5353370
public_106972	2390	10	191	5299493
public_107187	2321	7	3	5008864
public_107490	2347	10	68	4457844
public_10780	2396	10	19	5085719
public_108373	2392	9	519	5366817
public_108491	2384	10	90	5447514
public_108633	2223	10	345	4964838
public_108664	2320	10	170	5055047
public_109000	2392	10	327	5111643
public_10905	2405	10	190	5152875
public_109115	2199	10	141	5543738
public_109162	2403	10	445	5367700
public_109352	2402	10	26	4860526
public_109422	2402	10	104	4998414
public_109468	2399	10	152	5067073
public_109524	2364	10	435	5640499
public_109616	2332	10	33	5016401
public_109656	2394	10	57	5300940
public_109780	2205	9	30	4983785
public_109934	2118	10	88	5151350
public_1101	2203	10	87	5183010
public_110400	2209	10	64	4880986
public_110435	2365	10	242	2480708
public_110602	2387	10	60	5340505
public_110670	2399	10	29	5101548
public_110793	2370	10	165	5096982
public_111027	2202	9	944	5264894
public_111078	2400	10	22	4998456
public_111132	2374	10	123	5265875
public_111316	2188	10	20	5373651
public_111558	2368	10	173	5270688
public_11160	2380	10	100	5151529
public_11168	2353	9	29	5170734
public_111706	2219	9	427	5420890
public_111774	2405	10	5	5215377
public_111810	2361	10	54	5238883
public_112226	2336	10	222	5087487
public_112365	2406	10	593	5270422
public_112493	2402	10	194	5217671
public_112545	2393	10	208	5311118
public_112643	2412	10	134	5216186
public_112701	2389	10	202	4993615
public_112765	2170	9	37	4815844
public_112768	2360	10	2	NA
public_112902	2204	10	42	5111899
public_112948	2321	5	157	4941536
public_113041	2354	9	297	5216087
public_113312	2228	10	33	5150241
public_113360	2389	10	31	5196818
public_113642	2212	10	161	5070446
public_113689	2389	10	35	5298684
public_114103	2282	10	113	5315153
public_114529	2405	10	104	5089225
public_114541	2382	9	205	5330288
public_1147	2390	10	44	4883311
public_11478	2371	10	280	5480420
public_114940	2289	10	199	5170144
public_115350	2382	9	124	5243480
public_115865	2372	10	127	4918175
public_116070	2399	10	102	5167101
public_116126	2408	10	66	5513241
public_116305	2391	10	131	5195547
public_116503	2364	10	191	5059053
public_116709	2206	10	182	5071105
public_116743	2379	10	71	5504334
public_116792	2207	10	12	4770601
public_116819	2390	10	54	5244827
public_117119	2393	10	164	5065396
public_117348	2405	10	143	4727785
public_117381	2416	10	36	5236757
public_117482	2133	10	284	5200769
public_117895	2389	10	121	5318128
public_118197	2183	10	72	5481558
public_118331	2386	10	92	5300297
public_118752	2296	7	72	5191784
public_118969	2399	10	55	4892219
public_119076	33	0	19	5330172
public_119125	2385	7	35	4946233
public_119299	2365	10	164	4901577
public_119496	2380	9	310	5243318
public_119678	2386	10	271	4889963
public_119764	2329	10	187	4959507
public_119805	2392	10	88	5551478
public_119968	2403	10	3	5389708
public_119982	2220	10	36	5212383
public_120021	2212	10	114	5233428
public_120073	2202	10	129	5363959
public_120115	57	0	64	5248121
public_120185	2406	10	85	5243875
public_120376	2410	10	82	4846195
public_120435	2203	9	237	5543118
public_12047	2363	10	38	5108590
public_120564	2213	10	194	4789923
public_120665	2307	10	81	5361548
public_120739	2382	10	27	5174379
public_121301	2391	10	66	5460881
public_121404	2172	9	1232	5268458
public_121661	2291	9	91	4961257
public_122075	2282	10	136	5211861
public_122432	2326	3	109	5243332
public_122636	2312	9	146	5232863
public_12264	2394	10	56	4809931
public_123013	2214	10	479	5381049
public_123054	2400	10	33	5524392
public_123165	2390	10	42	5238087
public_123233	2321	8	183	5301749
public_12341	2390	10	540	5364905
public_123421	2406	10	442	5362606
public_123527	2387	10	196	5184957
public_123834	2391	10	130	5008742
public_123946	2349	10	417	5337645
public_124045	2340	9	175	5139488
public_124075	2211	10	167	5301549
public_124082	2356	10	103	5178168
public_124344	2406	10	137	5720629
public_124531	2383	10	442	5497155
public_124700	2171	9	17	5288048
public_12474	2375	10	74	5198674
public_124870	2332	9	35	5176274
public_124981	2375	10	78	5297946
public_125080	2393	10	46	5249735
public_125118	2380	10	130	5513970
public_125562	2384	10	136	5056041
public_125751	2339	10	267	5806227
public_125774	2388	10	113	5046870
public_126044	2400	10	34	4979314
public_126103	2384	10	141	5161006
public_126106	2344	10	467	5013840
public_126741	2357	9	94	5455075
public_126784	2392	10	20	5040476
public_126908	2364	10	135	4796164
public_127079	2343	10	154	5105283
public_127267	2397	10	133	5230651
public_1273	2383	10	220	5338618
public_127456	2375	9	132	4841123
public_127493	2327	4	157	5033153
public_127582	2407	10	215	5238812
public_127741	2211	10	121	5220322
public_127773	2333	9	222	4922974
public_127822	2101	10	99	5090477
public_128275	2352	9	165	5118532
public_128372	2219	10	180	5179950
public_128439	2398	9	212	5266457
public_128534	2327	10	72	4743923
public_129015	2388	10	99	5207327
public_129048	2389	10	687	4841361
public_12921	2380	10	52	5091823
public_129242	2331	9	126	5118609
public_129682	2167	9	527	5349602
public_129925	2352	8	125	4841867
public_129928	2409	10	55	5104926
public_130099	2228	10	54	5048123
public_130121	2226	10	85	4929019
public_130145	2219	10	100	5048678
public_130267	2396	10	190	5396988
public_130301	2341	10	44	5205284
public_130508	2334	5	451	4952805
public_13055	2410	10	40	5073744
public_131069	2397	10	540	5282923
public_131263	2407	10	110	5050751
public_131322	2399	10	59	5197731
public_131440	2336	7	134	5287643
public_131597	2384	10	197	5181350
public_131740	2386	10	112	5125477
public_132196	2387	10	55	5258683
public_132395	2375	9	36	5099948
public_13255	2395	10	113	5237252
public_132552	2220	10	72	5633487
public_132580	2381	10	42	4837610
public_132619	2353	9	22	4909757
public_132677	2209	10	23	5234535
public_132753	2394	10	512	5278719
public_132949	2220	10	194	5319411
public_133013	2410	10	173	5279952
public_133018	2382	10	145	5189917
public_13311	2388	6	154	5340365
public_133122	2354	10	7	5629932
public_133283	2382	10	2008	4992360
public_133412	2357	10	182	5117966
public_133469	2396	9	174	5360435
public_133544	2211	10	38	5201339
public_133612	2222	10	46	5434019
public_133617	2221	10	27	5207824
public_133655	2340	10	276	4439218
public_133834	2391	10	30	5512513
public_133911	2400	10	102	5291097
public_134084	2383	10	147	5731065
public_134122	2371	10	186	5433287
public_134187	2354	9	46	5199931
public_134361	2312	9	54	5171866
public_134400	2213	10	18	4798547
public_134403	2367	10	5	5855531
public_135190	2195	9	47	5328694
public_135354	2197	9	34	5006922
public_135390	2362	8	164	5080723
public_13549	2387	10	72	5090937
public_135705	2412	10	564	5498278
public_135837	2390	10	377	5009341
public_135895	2002	9	180	5133769
public_136020	2329	9	87	5347495
public_136324	2410	9	109	5834353
public_136356	2321	8	153	5286217
public_136545	2361	10	114	5063548
public_136662	2334	10	378	4939390
public_136862	2369	10	113	5398184
public_136925	2222	10	68	5430771
public_136965	2384	10	57	5684557
public_137172	2357	10	75	5290142
public_137378	2287	10	145	5064758
public_137656	2392	10	67	5026573
public_137771	2392	9	68	4957077
public_137907	2391	10	203	5269727
public_138360	2209	10	127	5362266
public_138402	2121	9	453	5405264
public_139636	2223	10	197	5155456
public_139697	2327	8	80	5408446
public_139924	2392	10	294	5377964
public_139998	2330	10	118	5123375
public_140054	2328	9	471	5327597
public_140334	2313	9	234	5196662
public_140389	2210	10	24	5144669
public_140423	2296	4	194	5168201
public_140478	2305	9	568	5619284
public_14055	2396	10	714	5284681
public_140709	2315	8	162	5141632
public_140870	2309	10	412	4657618
public_141067	2367	10	72	5318353
public_141116	2373	10	144	5491234
public_141230	2404	10	303	5317915
public_141338	2215	9	116	5071532
public_141341	2411	10	199	5148982
public_141356	2388	10	38	5133891
public_141359	2383	10	58	5382866
public_141495	2211	10	28	4757267
public_141538	2218	10	279	5151627
public_141594	2358	10	61	5404073
public_141672	2400	10	889	5363865
public_141781	2335	10	305	5308032
public_141897	2163	10	463	5368481
public_141962	2339	8	72	4905150
public_141969	2307	8	121	4746131
public_142178	2289	10	15	5365353
public_142252	2369	8	56	5029585
public_142422	2377	10	137	5194603
public_142482	2182	10	635	5100083
public_142631	1723	8	202	5159971
public_14319	2383	9	68	4970425
public_144377	2389	10	59	5076849
public_144616	2391	10	48	5177664
public_145093	2329	10	42	5132563
public_145218	2392	10	422	5127850
public_14533	2232	10	139	4942875
public_145346	2309	7	192	5313051
public_145350	2400	10	721	5250383
public_145399	2228	10	508	5303619
public_145443	2385	10	68	5267286
public_14574	2367	10	1763	5733561
public_146123	2349	10	213	5312674
public_146227	2402	9	155	5427639
public_146283	2384	10	330	5329433
public_146507	2384	8	2	4894879
public_146677	2403	10	604	5473073
public_146821	2391	10	36	5248342
public_146897	2388	10	573	5362999
public_146999	2392	10	35	5191651
public_147191	2247	9	412	630582
public_14735	2180	10	160	5084721
public_147616	2350	9	479	5155453
public_147816	2406	10	20	5044148
public_147966	2326	10	100	5371046
public_148137	2193	10	228	5002178
public_148161	2406	10	205	5284996
public_148290	2212	10	35	4987395
public_148342	2369	10	38	5407289
public_148460	2366	10	39	5048860
public_148503	2392	9	178	5372278
public_148624	2389	10	127	5096112
public_148800	2222	10	179	5242349
public_14883	2226	10	117	5077949
public_148857	2391	10	350	5165737
public_149000	2341	10	203	4718532
public_149194	2383	10	193	5332957
public_14933	2356	10	201	5124973
public_149401	2357	8	278	5232730
public_149574	2226	10	10	5411202
public_149602	2204	10	71	5596176
public_149623	2331	9	329	5029861
public_149651	2382	10	53	4982067
public_149785	2260	8	21	5384699
public_149871	2058	8	410	4752681
public_150817	2213	10	200	5239725
public_150941	2339	10	183	5279978
public_151117	2332	10	22	5083031
public_151181	2209	10	305	5390338
public_151248	2405	10	210	5394923
public_151374	2211	10	124	4808014
public_151463	2209	10	138	5099621
public_151513	2352	9	28	4964739
public_151738	2352	10	128	5243626
public_152201	2388	10	135	5705645
public_152757	2199	10	154	5253303
public_152787	2223	10	122	5089558
public_152791	2314	10	49	5226086
public_152852	2399	9	27	5374450
public_152867	2329	10	93	5015691
public_152951	2369	10	152	4932153
public_152959	2205	10	447	5207755
public_153193	2371	10	97	4864594
public_153324	2322	10	267	4974286
public_153399	2344	10	37	5159546
public_153402	2202	10	213	5333492
public_153526	2384	10	182	5294539
public_15357	2218	10	30	4928679
public_153700	2328	10	465	5408410
public_153718	2352	9	37	5150742
public_153984	2361	10	200	4995834
public_154177	2339	9	1583	5287055
public_154877	2326	5	121	4626542
public_155073	2396	10	174	5404125
public_155079	2406	10	175	5512221
public_155403	2213	10	28	5166171
public_155461	2403	10	530	5255600
public_155633	2387	10	77	5205684
public_156183	2328	10	72	5200940
public_156371	2311	10	177	5497778
public_156783	2208	10	134	5233214
public_156822	2333	10	140	5209632
public_156839	2412	10	267	5201104
public_156902	2209	9	31	5112062
public_156977	2408	10	195	5110714
public_157010	2209	10	454	5767717
public_157058	2321	8	112	4982329
public_15713	2231	10	538	5423279
public_157248	2374	9	57	5341579
public_157292	1325	5	50	5035467
public_15758	2391	10	157	5178221
public_15884	2338	10	76	4950713
public_15903	2355	9	192	5514688
public_159854	2211	10	197	5607136
public_159895	2207	10	35	5375759
public_159933	2405	10	225	5215424
public_159997	2415	10	109	5130349
public_160097	2179	10	21	5626191
public_160188	2361	10	234	5457657
public_160479	2383	10	113	5060232
public_160694	2382	10	512	5116813
public_161248	2201	10	534	5059556
public_161371	2354	10	788	5604410
public_161461	2193	9	21	5271024
public_161529	2400	10	132	5278042
public_161698	2382	10	1	4638970
public_161784	2185	10	127	4896881
public_161863	2361	10	148	5124874
public_161891	1996	9	26	5154593
public_16214	2409	10	202	5153432
public_162497	2337	10	197	5161773
public_162545	2399	10	250	5677181
public_162613	2369	10	235	5246212
public_162620	2212	10	54	5325581
public_162663	2353	8	91	4982349
public_162817	2405	10	130	4968686
public_162919	2389	10	120	5230217
public_163060	2383	10	488	5359321
public_163292	2218	10	65	5175953
public_163353	2382	9	106	5370013
public_163572	2254	9	387	4735492
public_16395	2213	10	163	4974350
public_164209	2383	10	83	5279646
public_164690	2391	10	158	5098548
public_164916	2404	10	124	5384883
public_16536	2305	9	13	5240229
public_165407	2384	10	96	5351311
public_16565	2401	10	68	5294966
public_166032	2381	10	58	5560038
public_16610	2379	10	43	5423822
public_166149	2389	10	175	5514291
public_166189	2200	8	32	5381621
public_166295	2327	9	145	4527885
public_166387	2331	7	2	5107563
public_166614	2201	10	196	5104012
public_166660	2393	10	218	5017109
public_166865	2340	10	58	5124621
public_1671	2398	10	131	5034688
public_167336	2323	10	167	5330547
public_167462	2351	10	19	5345955
public_168191	2391	10	136	5099354
public_168309	2370	10	727	5332458
public_168441	2219	10	84	5273285
public_168501	2338	10	218	5330283
public_168506	2322	8	37	5370491
public_168678	2382	10	414	4934747
public_169230	2389	10	477	5492799
public_169720	2397	10	109	4973347
public_169916	2329	9	76	5266738
public_170005	2398	10	84	4763495
public_170133	2360	10	47	5409363
public_170274	1650	6	42	5435258
public_170300	2387	9	460	5313804
public_170505	2383	10	217	5350327
public_170603	2395	10	455	5457046
public_170909	2212	10	183	5427531
public_170966	2198	10	207	4838211
public_171015	2363	10	31	4869025
public_171605	2387	10	70	5136066
public_172145	33	0	46	5243431
public_172559	2411	10	78	5196727
public_172564	2388	10	222	5370013
public_172846	2390	10	31	5003977
public_173021	2220	10	225	5361555
public_173068	2388	10	298	5224079
public_173517	2389	10	136	5190755
public_173619	2208	10	1	5231428
public_173656	2334	10	175	4940080
public_173715	2354	9	59	5525129
public_173807	2391	10	95	5294424
public_173991	2372	10	141	5225515
public_174399	2403	10	432	5343125
public_174513	2225	10	28	5209638
public_174558	2321	9	17	5559237
public_175292	2403	10	24	5127193
public_175474	2392	10	35	5167295
public_17570	2379	10	136	5219518
public_175795	2211	9	97	5168278
public_175976	2325	10	195	5101298
public_176028	2401	10	122	5043302
public_176048	2210	9	19	5000790
public_176088	2388	10	47	5371562
public_176553	2339	10	16	5467890
public_176663	2222	10	32	4997489
public_176709	2360	10	162	5446689
public_17680	2303	10	130	5247655
public_176833	2411	10	440	5374926
public_177015	2304	7	50	5363291
public_177477	824	1	10	5670297
public_177721	2399	10	52	4722775
public_177765	2173	9	171	5351729
public_178829	2209	10	170	5214745
public_178947	2395	10	27	5319871
public_179000	2370	10	161	5221067
public_179046	2393	10	72	5573061
public_179165	2398	10	57	4552331
public_179221	2345	10	110	4933944
public_179294	2357	9	791	5296992
public_179436	2381	10	566	5477767
public_179568	2221	10	102	4543825
public_179601	2218	10	19	5050003
public_17961	2384	10	292	5097562
public_179647	2271	10	225	5067531
public_180148	2367	10	209	5048194
public_180388	2337	9	552	5147371
public_180551	2408	10	31	5343614
public_180681	2402	10	47	5199033
public_180725	2195	9	74	5242208
public_1808	2408	10	227	5363751
public_180872	2325	10	142	5106025
public_181156	2373	8	127	5741265
public_181338	2383	10	208	5170154
public_18146	2388	10	694	5245799
public_181468	2323	10	94	5039270
public_181521	2341	10	42	5323084
public_181682	2359	10	101	5005293
public_181876	2388	10	46	5061335
public_181958	2390	10	387	5279004
public_18217	2365	10	62	5197996
public_182748	2368	10	95	5181904
public_182889	2368	10	11	5503383
public_183102	2387	7	104	4956656
public_18313	2213	10	1	3976195
public_183244	2383	10	32	5056628
public_183276	2388	9	171	5131792
public_183475	2350	9	73	5334703
public_183543	2107	6	1	5132068
public_18358	2339	9	34	5084473
public_183757	2216	9	215	5092891
public_183792	2111	8	41	5870822
public_184774	2336	10	506	5324891
public_18495	2306	8	125	5057835
public_185665	2390	10	92	5286387
public_186140	2377	10	46	5070154
public_18624	2372	10	61	5089852
public_186710	2357	10	106	5237667
public_186935	2338	8	45	5172362
public_187098	2399	9	28	5050787
public_187145	2204	10	93	5587017
public_187181	2217	10	1	4638970
public_187228	2388	10	38	4830417
public_18725	2214	10	406	4974660
public_187599	2412	10	39	5280601
public_187644	2398	9	249	5633367
public_187753	2291	10	31	5353135
public_187984	2340	10	437	5430311
public_188007	2369	10	5	5378729
public_188188	2397	10	34	5166355
public_188433	2358	9	222	5035431
public_1888	2189	10	128	5079247
public_188815	2394	10	99	5001541
public_189020	2356	9	89	5139229
public_189058	2281	9	16	5597432
public_18929	2332	9	68	5282858
public_189310	2199	9	270	5024729
public_189464	2404	10	65	5376339
public_189570	2403	10	226	5256796
public_189727	2404	10	187	4591470
public_189818	2207	10	1	4643553
public_189848	2359	10	37	5542971
public_190168	2190	10	144	5153746
public_190298	2383	10	175	5089174
public_190547	2373	10	252	5408383
public_191084	2361	10	154	5197255
public_191263	2393	10	278	5120995
public_19127	2393	10	119	5287221
public_191337	2383	10	29	4854951
public_191465	2331	10	126	5146299
public_191576	2213	10	146	5415668
public_191581	2294	9	211	5038463
public_192003	2191	9	229	5048006
public_192143	2322	10	31	5201864
public_192402	2409	10	54	5053548
public_19243	2390	10	56	5374199
public_192560	2388	10	57	5376981
public_192638	2388	10	167	5302353
public_192739	2388	10	209	5466582
public_192936	2367	10	261	4581474
public_1936	2407	10	481	5494225
public_19394	2333	8	61	5131457
public_194701	2393	10	119	5215961
public_194822	2324	10	38	5256637
public_19487	2394	10	48	5120731
public_195365	2337	10	131	5247604
public_195400	2385	10	99	4993593
public_195636	2206	10	5	5410353
public_195680	2381	10	172	5659114
public_195839	2209	10	306	5179152
public_196023	2413	10	32	5165344
public_196028	2391	10	37	5122875
public_196140	2363	10	59	5188024
public_196285	2213	10	125	5374332
public_196293	2387	10	171	5150322
public_196493	1575	4	1	4798435
public_19698	2359	10	389	4997736
public_196999	2329	9	108	4876419
public_197111	2344	7	26	5386829
public_197433	2409	10	412	5805306
public_197456	2223	10	177	4854831
public_197692	2249	10	38	5101557
public_198178	2202	10	198	5312475
public_19826	2399	10	94	5060331
public_198356	2360	10	194	5198090
public_198461	2390	10	31	5022958
public_198649	2201	10	201	5418621
public_198839	2318	9	207	5242822
public_199083	2208	10	179	5281250
public_19912	2380	10	31	5138078
public_199123	2384	9	246	5937486
public_199240	2328	9	33	4707549
public_199330	2209	10	37	5434724
public_199365	2337	10	73	5344695
public_199413	2201	10	289	5263886
public_199664	2209	10	146	5129701
public_199718	2401	10	188	5135836
public_199726	2329	10	89	5117656
public_199771	2388	9	46	5279092
public_199963	1788	8	54	5356788
public_20046	2400	10	430	5068610
public_20074	2373	10	173	5328781
public_20229	2318	10	134	5321425
public_202606	2380	9	1	5038386
public_202807	2222	10	61	5070425
public_202811	2210	10	33	5074636
public_202847	2193	10	3	4954383
public_202894	2220	10	439	5069316
public_203049	2390	10	427	5254984
public_203176	2335	10	58	5493719
public_203191	2311	10	38	5158222
public_203221	2379	10	503	5522771
public_203294	2365	10	143	5498739
public_203530	2387	10	133	4811932
public_203627	2367	10	566	5492781
public_203762	2213	10	79	4850588
public_203765	1677	6	187	4923516
public_203835	2326	4	52	5157834
public_203931	2386	10	31	5149683
public_204473	2393	10	126	5233942
public_204478	2212	10	21	6323148
public_204518	2287	10	2	5027172
public_20455	2229	10	535	5391143
public_204792	2389	10	145	4818318
public_2049	2397	10	56	5251852
public_20490	2198	10	95	5910749
public_204948	2409	10	21	5657270
public_205129	2395	10	32	5186999
public_20530	2389	6	258	5461005
public_205334	2219	10	156	5383670
public_205358	2339	8	39	5145311
public_205495	2409	10	446	5374292
public_205553	2329	10	267	4956504
public_205569	2208	10	171	5305549
public_205618	2207	10	316	5376914
public_205675	2083	8	64	5165599
public_205938	2210	10	31	5210334
public_206049	2381	10	125	5119812
public_206144	2208	10	110	5286822
public_206177	2302	10	218	4905892
public_206457	1732	9	66	5194722
public_20751	2368	10	29	5106917
public_209173	2187	10	196	5116938
public_209366	2334	10	289	5073176
public_209428	2210	10	69	5329783
public_209454	2211	10	3	4876096
public_209513	2394	10	275	5421612
public_20956	2400	10	87	5026156
public_209570	2393	10	145	5292127
public_209764	2382	10	48	5361432
public_209912	2348	9	30	4803286
public_209977	2330	10	129	4806005
public_210070	2190	10	125	5091310
public_210075	2215	10	62	5190522
public_210113	2326	7	33	5039445
public_210304	2338	9	467	5394783
public_210558	2405	10	211	5062030
public_210670	2174	9	31	5154541
public_210915	2343	10	38	4855080
public_211098	2389	10	62	5208726
public_21116	2334	9	99	5338894
public_211272	2392	10	204	5190939
public_211365	2220	10	132	5279382
public_211423	2391	10	13	5163474
public_211724	2231	5	302	5331263
public_21247	2352	9	419	5297471
public_212509	2370	9	285	5284556
public_212662	2197	10	239	5065600
public_212846	2224	10	223	5180914
public_212849	2393	10	445	5042708
public_213050	2411	10	161	4980382
public_213133	2387	10	201	5293816
public_213266	2216	10	87	4981016
public_213374	2371	9	358	5256474
public_213416	2206	10	34	4591470
public_213613	2397	10	66	5129191
public_213620	2383	10	49	5230874
public_213752	2393	10	44	5164002
public_213951	2375	10	491	5196506
public_214043	2360	10	245	5399645
public_214170	2331	3	288	4980327
public_214352	2389	10	28	5136721
public_214393	2333	10	513	5582719
public_214406	2348	9	175	5099218
public_214495	2200	10	30	4855466
public_214540	2405	10	308	5448064
public_214609	2295	9	91	4979767
public_21484	1983	8	36	4780779
public_214875	2310	9	33	5023500
public_215246	2382	10	288	5081126
public_215564	2389	10	86	4678972
public_215701	2041	7	186	5733133
public_216347	2340	10	87	5044800
public_216363	2222	10	50	5153920
public_2164	2293	10	41	5211768
public_216400	2407	10	148	5231155
public_216519	2398	10	188	5152314
public_216579	2214	10	37	4958338
public_21663	2368	10	170	4279496
public_216697	2375	10	236	5453130
public_216809	2376	10	129	4757741
public_217171	2395	10	62	5123539
public_217221	2308	10	203	5131007
public_217408	2360	10	84	5148762
public_217632	2211	10	185	5136076
public_217652	2339	10	451	5418998
public_218019	2394	9	108	5212450
public_218280	2389	10	223	5312032
public_218376	2379	8	189	5126618
public_218553	2220	10	66	5578209
public_21859	2378	10	56	4997218
public_218602	2336	10	143	5115051
public_21862	2340	10	102	5144646
public_218626	2343	9	83	4837509
public_218714	2367	10	127	5383000
public_218802	2403	10	76	5529264
public_21881	2374	10	409	5590692
public_218937	2404	10	46	5158838
public_219077	2209	10	200	5089556
public_219155	2403	10	172	4946132
public_219159	2334	10	205	5213859
public_219328	2379	10	183	5325397
public_219962	2391	10	66	5159414
public_220056	2135	10	552	5391677
public_220245	2323	10	78	5201575
public_220249	2389	9	2	5132961
public_22040	2378	9	137	5202061
public_220431	2356	9	179	5350954
public_220588	2388	10	43	5253675
public_220994	2299	7	233	4858066
public_221196	2332	10	254	4598368
public_221494	2400	10	47	5332041
public_221532	2401	10	23	4906395
public_221577	2388	10	54	5392282
public_221728	2391	10	46	5243602
public_222169	2229	8	39	5159279
public_222235	2398	10	32	4688419
public_222382	2211	10	150	5093061
public_222461	2397	9	162	5341596
public_22252	2366	10	177	5266165
public_222696	2363	10	176	5033000
public_222960	2353	9	554	5350185
public_223071	2351	9	454	5379068
public_223783	2384	10	84	4802037
public_224383	2180	10	191	5128835
public_224502	2411	10	36	5349327
public_224583	2355	10	165	5933166
public_22460	2385	10	165	5192679
public_224742	2409	10	69	4831934
public_224961	2195	10	88	4941083
public_225035	2333	10	182	5313842
public_225086	2379	9	31	5195095
public_22520	2385	10	151	5075779
public_225282	2219	10	333	5446772
public_225352	2377	10	141	5110390
public_225422	2409	10	191	5142142
public_225539	2296	8	47	5446604
public_225634	2405	10	1	4638920
public_225763	2144	9	437	5076135
public_225813	2375	10	134	5211419
public_225865	2195	10	56	5050485
public_225940	2406	10	121	5123307
public_225991	2382	10	453	5400386
public_226097	1884	4	36	5024607
public_226413	2325	6	394	6042777
public_22651	2402	10	199	5219753
public_226556	2211	10	6	5448306
public_226578	2249	4	46	5239139
public_2268	2359	10	186	5190898
public_226977	2401	10	170	4949921
public_227043	2371	10	194	5068667
public_227082	2217	10	607	5365358
public_227117	2332	10	152	5250401
public_227183	2379	10	302	5014744
public_227329	2368	10	4	5037933
public_227535	2386	10	19	4744060
public_228152	2387	10	206	5300849
public_228274	2284	10	313	5018126
public_22848	2410	10	188	5136013
public_228676	2391	10	447	4872261
public_228871	2406	10	53	4709936
public_229037	2393	10	132	4960028
public_229451	2356	9	101	5319432
public_229592	2363	10	111	5313584
public_229719	2326	10	185	5328058
public_229989	2379	10	35	4876936
public_23011	2401	10	178	5125700
public_230550	2142	10	161	5328929
public_230638	2389	10	184	5320297
public_230780	2387	10	44	5189814
public_230926	2318	10	411	5063123
public_230961	2228	10	135	4814441
public_231015	2316	10	179	5200515
public_231464	2385	9	183	5192042
public_231673	2221	10	46	5111607
public_231718	2402	10	46	4951184
public_231862	2335	10	103	5233040
public_231991	2202	9	408	5655378
public_232116	2211	10	198	5220350
public_232272	2209	10	36	5278586
public_232315	2319	10	39	5130009
public_232379	2388	10	460	5024120
public_23252	2391	10	66	5525229
public_232691	2389	10	113	5333629
public_233197	2392	10	141	5560615
public_233252	2330	10	196	5429390
public_233428	2382	10	61	5233354
public_233433	2387	9	345	5225904
public_23352	2208	9	1	5154862
public_233751	2374	10	222	5027348
public_23398	2210	10	45	5032226
public_234258	2378	10	199	5373077
public_234341	2212	10	267	4441604
public_234376	2379	10	254	5144368
public_234509	2358	10	108	4965006
public_234512	2345	10	209	5318798
public_23457	2205	10	341	5394252
public_234586	2391	10	268	5479272
public_234709	2409	10	39	5188676
public_234908	2214	10	174	5188550
public_234932	2349	10	201	5120061
public_23496	2394	10	3336	4802253
public_234980	2396	10	638	4856995
public_235108	2372	10	48	5101392
public_235211	2396	10	69	5253098
public_235417	2214	10	45	4973481
public_235444	2380	10	37	4915642
public_235738	2333	10	481	5396294
public_235791	2389	9	197	5372575
public_235989	2402	10	66	5298033
public_236228	2207	9	57	5409222
public_236421	2214	10	220	4490742
public_236460	2390	10	90	4917025
public_236933	2178	9	194	5438315
public_236961	2388	10	256	4966689
public_237146	2214	10	393	5315687
public_23715	2368	10	45	5329896
public_237186	2212	10	273	5443649
public_237236	2197	10	182	5331113
public_237359	2216	10	102	5118264
public_237413	2398	10	783	5114446
public_237700	2197	10	11	5301471
public_237756	2328	10	204	5343319
public_237810	2396	10	194	4813112
public_238030	2380	9	33	5102049
public_238210	2355	10	168	5235472
public_238576	2386	10	453	5115251
public_238579	2206	10	507	5191076
public_238640	2332	9	488	5376430
public_238719	2349	9	33	5276892
public_238920	2204	10	284	5473621
public_239054	2221	9	75	5231226
public_239158	2211	10	199	5148324
public_23921	2200	10	209	4924977
public_239282	2362	10	334	4963278
public_23950	2380	9	232	5252119
public_239567	2364	10	84	5337291
public_239684	2332	10	148	5240824
public_239727	2317	9	560	5292880
public_240027	2378	10	189	5121149
public_2404	2208	10	138	5490266
public_240434	2209	10	271	5577517
public_240588	2402	9	73	5061577
public_240688	2387	10	115	4893842
public_2408	2366	10	111	4986620
public_240827	2210	10	485	5298453
public_240928	2327	10	91	5469015
public_241069	2391	10	46	4749648
public_241198	2393	10	47	5393275
public_241266	2411	10	62	4764127
public_241275	2347	9	52	5405710
public_241392	2391	10	51	5560162
public_241456	2381	10	3	5119992
public_24148	2389	10	81	4631038
public_241729	2350	9	134	5177843
public_241907	2217	10	71	5344177
public_241951	2380	10	241	4963110
public_242005	2351	8	3	5497653
public_242234	2186	10	555	5255903
public_242485	2407	10	89	5018539
public_242652	2189	10	32	5148027
public_242924	2217	10	96	5437121
public_243002	2333	10	62	5223374
public_243067	2409	10	259	5442563
public_243246	2389	10	63	5341881
public_24367	2371	10	47	5169863
public_243781	2412	10	58	5250007
public_243905	2377	9	231	5019906
public_244208	2213	10	135	4980585
public_244237	2382	10	90	5251287
public_244381	2215	10	230	5253766
public_244577	2208	10	87	4918295
public_244651	2208	10	109	5440914
public_244747	2379	10	234	5639302
public_244937	2213	10	109	5256230
public_244956	2211	10	193	5285962
public_244977	2332	9	152	5089359
public_245100	2256	8	7	5249288
public_245408	2386	10	44	5229122
public_245517	2224	10	135	4993644
public_245593	2394	9	136	5446986
public_245632	2403	10	31	5023293
public_245767	2385	10	373	5284807
public_245771	2413	10	3	5704171
public_245891	2405	10	37	5029131
public_245941	2208	10	122	5544190
public_246004	2379	10	139	4851907
public_24602	1331	1	226	5200324
public_246162	2391	10	108	5194079
public_246322	2408	10	2	4656144
public_246488	2210	10	141	5018209
public_246624	2389	10	107	4861475
public_246640	2195	9	500	5371079
public_246781	2210	10	1	4646332
public_246829	2211	10	30	4796830
public_246972	2212	10	116	5375246
public_247020	2406	10	68	4972327
public_247158	2211	10	132	5116079
public_247195	2216	10	161	5298041
public_247220	2390	10	314	5623195
public_247764	2222	10	263	5360687
public_247799	2383	10	2641	5426565
public_248374	2327	10	162	5146593
public_248634	2250	10	38	5230959
public_249421	2325	10	245	5098228
public_249657	2043	6	74	5262779
public_249993	2380	8	47	5677722
public_250171	2384	10	380	5183862
public_250739	2222	10	14	5388459
public_250833	2407	10	178	5344052
public_250936	2391	10	127	5171053
public_251132	2397	10	27	5174961
public_251429	2388	9	262	5426568
public_251609	2336	9	48	5366331
public_251815	2367	10	139	5267973
public_2519	2404	10	180	5277070
public_252015	2243	8	130	4945712
public_253305	2395	10	360	4849067
public_253365	2343	10	49	5049673
public_253585	2332	9	364	6199307
public_253634	2187	10	169	5220782
public_253666	2391	10	233	5009798
public_253968	2333	10	615	5471544
public_253986	2393	10	36	4862729
public_254138	2185	10	63	5341964
public_254167	2199	10	15	5496130
public_254217	2158	9	190	5313397
public_254291	2393	10	31	4998133
public_254401	2279	10	114	5093196
public_254850	2353	8	64	5740657
public_255023	2392	10	139	5073631
public_255219	2173	9	84	4869008
public_255456	2339	10	44	5300441
public_255484	2207	10	270	5434716
public_255527	2200	9	785	5214638
public_255835	2086	10	168	5299384
public_256245	2388	10	42	4680375
public_256733	2314	10	504	5470040
public_256843	2379	10	143	5019920
public_257082	2334	10	239	4989679
public_257270	2388	10	385	5045737
public_257328	2316	10	61	5502782
public_257467	2382	10	4	5438174
public_257600	2397	10	1	4578159
public_257790	2383	10	30	5125873
public_257922	2366	10	153	4841865
public_258052	2407	10	484	4840256
public_258142	2386	10	44	5368185
public_258686	2202	8	12	5218799
public_258742	2331	10	153	5614559
public_258833	2202	8	464	5196275
public_258868	2393	10	1	4621430
public_259161	2398	10	61	5460414
public_259202	2220	10	33	5181149
public_259205	2384	10	238	5647831
public_259674	2201	10	86	5138246
public_259763	2329	9	4	5434611
public_259929	2219	10	33	5001996
public_259972	2225	9	546	4979213
public_260058	2401	10	204	5297549
public_260347	2208	10	60	5534252
public_260418	2404	10	533	5524829
public_260572	2217	9	126	4820619
public_260628	2369	9	125	5388860
public_261176	2410	10	26	4975730
public_261361	2362	10	221	5228083
public_261561	1661	7	69	5313768
public_264487	2180	10	243	5389413
public_264734	2391	10	102	4976991
public_264857	2336	10	26	4875319
public_264911	2395	10	2	5524860
public_265107	2343	10	45	5094716
public_265177	2216	10	106	5362824
public_265336	2406	10	56	5039964
public_265468	2327	10	78	5578446
public_265544	2211	10	44	5369475
public_265687	2337	8	99	5342338
public_266022	2401	10	196	5200020
public_266165	2322	10	57	5165757
public_266719	2384	10	36	5050517
public_266813	2377	10	66	4983540
public_267063	2393	10	149	5018165
public_267227	2199	9	143	5198053
public_267332	2202	10	505	5501003
public_267532	2345	9	29	4600056
public_267642	2210	10	99	4985430
public_267676	2388	9	82	4945389
public_267857	2409	10	161	4862082
public_267881	2404	10	55	4865745
public_267991	2392	10	237	5217758
public_268043	2221	10	43	5238537
public_268082	2204	10	461	5405644
public_268131	2351	9	49	5680760
public_268359	2392	10	305	5294605
public_268561	2199	9	155	5187011
public_268710	2403	10	93	5249372
public_268874	2334	10	116	4983084
public_268933	2359	8	18	5347131
public_269138	2382	10	473	5492997
public_269323	2410	10	144	5076390
public_269362	2391	10	203	5098119
public_269652	2206	10	68	5179956
public_269685	2229	10	4	5617728
public_269719	2201	10	153	5305843
public_269756	2392	10	565	5082960
public_269832	2221	10	68	5330508
public_269872	2387	10	83	5308561
public_270331	2247	9	27	5184094
public_270643	2397	10	238	5300309
public_270833	2381	10	40	5199908
public_270990	2203	10	11	5111617
public_271042	2223	10	203	5328850
public_271110	2383	10	177	5290836
public_271557	2322	9	149	5291786
public_271886	2406	10	199	5147050
public_272050	2209	10	13	5014260
public_272116	2406	10	157	4842831
public_272351	2402	10	182	5262590
public_272498	2359	10	191	5103280
public_272568	2382	9	42	4650823
public_272722	2380	10	155	5258795
public_272918	2327	10	678	5262452
public_272954	2398	10	33	5217681
public_273007	2345	10	207	5254495
public_273282	2391	10	1	4700560
public_273463	2224	10	99	4967959
public_273506	2369	10	213	5272803
public_273727	2380	9	46	5240071
public_273893	2203	9	139	5329443
public_274434	2380	10	3	4904536
public_274571	2393	10	285	5166851
public_274857	2037	10	285	5454089
public_27543	2212	10	46	5427177
public_27563	2199	10	255	4440760
public_276442	2343	10	39	5721213
public_276649	2403	10	6	5308284
public_276703	2359	10	89	4948299
public_276840	2398	10	221	5438817
public_276902	2300	7	174	5089910
public_277245	2403	10	531	5492818
public_277385	2383	9	48	5337054
public_277479	2181	9	46	5179983
public_277509	2372	8	1	4641652
public_277692	2403	10	112	5260709
public_277832	2365	10	785	5446996
public_278030	2365	9	128	5241649
public_27810	2330	8	48	5282208
public_278299	2394	10	407	4792825
public_278442	2380	10	29	5207445
public_278465	2356	8	51	5292353
public_278657	2378	10	54	5134451
public_27868	2342	10	301	5033472
public_278723	2209	10	198	5307394
public_278864	2393	10	310	4384173
public_279278	2335	7	629	5519540
public_279489	1988	8	282	5124204
public_280664	2364	10	99	5000759
public_28078	2386	10	55	5214194
public_280865	2330	7	209	4969790
public_281119	2358	9	199	5135736
public_281815	2398	10	34	5034020
public_282003	2381	10	570	5354371
public_282172	2392	10	115	4641553
public_282177	2322	10	184	5657396
public_282229	2347	4	92	4867765
public_28228	2207	10	174	5347145
public_282299	2382	9	111	4973509
public_28259	2403	10	169	5207437
public_282809	2398	10	44	5258939
public_282903	2326	10	74	5404110
public_282951	2400	10	51	5462312
public_282982	2189	10	47	4938916
public_28303	2367	10	220	5034264
public_283186	2410	10	469	5360802
public_283281	2210	10	284	5221267
public_283332	2401	10	130	5063712
public_283402	2394	9	295	5024383
public_283820	2333	10	56	4757234
public_283885	2396	10	469	5397195
public_283967	2393	10	104	5364905
public_284035	2334	10	23	5288563
public_284052	2392	10	958	5349693
public_284244	2327	10	178	5302484
public_28425	2383	10	54	5260052
public_284393	2229	10	354	5337511
public_284426	2211	10	189	4967237
public_284462	2208	10	309	4962819
public_284512	2347	10	74	5216976
public_284701	2402	9	139	5519105
public_284757	2361	10	119	4815859
public_284889	2206	10	37	4947481
public_284925	2399	10	41	5090064
public_285038	2309	10	204	5054824
public_28507	2373	9	222	5375686
public_285314	2059	9	63	5437518
public_28546	2326	3	513	5319012
public_285486	2224	10	196	5023886
public_285549	2231	8	141	5275845
public_285650	2376	10	141	5468935
public_286135	2390	10	52	4607632
public_286233	2389	10	139	5069315
public_286348	2385	9	121	5062763
public_286391	2205	10	80	5100158
public_286432	2393	10	167	5084528
public_286857	2397	9	300	5526549
public_286937	2363	10	27	4915110
public_287066	2222	10	139	5094267
public_287097	2360	10	39	5004425
public_287221	2214	9	152	4977211
public_287254	2213	10	210	5471131
public_287298	2335	10	66	5195692
public_287346	2196	10	62	5273162
public_28744	2407	10	150	5079806
public_287452	2198	10	205	4753243
public_287538	2338	10	140	5274839
public_287591	2368	10	85	4974306
public_287688	2335	10	76	5152441
public_287731	2313	9	155	5210696
public_288000	2375	10	76	4737487
public_28859	2301	10	3	5358200
public_288793	2411	10	122	4834156
public_288914	2197	8	223	5115575
public_289913	2208	10	196	5351255
public_289983	2211	10	1186	5551285
public_290013	2347	9	62	5337152
public_290093	2392	9	205	5570585
public_290271	2218	10	137	5010726
public_290307	2354	10	112	5437501
public_290314	2372	10	75	5488183
public_290356	2372	10	190	4918687
public_290420	2364	10	38	4943203
public_290678	2222	10	42	5282810
public_290718	2336	10	91	5093097
public_291232	2340	10	31	4846917
public_291295	2380	10	200	5057871
public_2914	2219	10	42	4939327
public_291449	2371	10	732	5183430
public_291796	2327	10	310	5076439
public_292029	2193	10	25	5070043
public_292150	2352	9	181	5399603
public_292255	2396	10	274	5248248
public_292541	2398	10	2	5620522
public_292599	2171	9	64	5398218
public_292868	2367	10	38	5182037
public_293552	2291	10	262	4767159
public_293679	2396	10	124	5338463
public_293926	2207	10	35	5227634
public_29395	2338	10	103	5285772
public_294060	2413	10	87	5005478
public_294189	2199	9	102	5421878
public_294320	2326	10	185	4911172
public_2944	2399	10	136	5118593
public_294530	2398	9	137	5317930
public_294604	2388	10	36	5180899
public_294816	2373	10	49	5160786
public_294934	2394	10	115	5364524
public_294980	2223	10	34	4869796
public_295028	2391	10	224	5154685
public_295213	2324	10	296	5147329
public_295252	2393	10	152	5306490
public_295330	2217	10	88	4875912
public_295383	2391	10	266	5353368
public_295505	2143	7	32	5139263
public_29597	2397	9	59	5287999
public_296145	2380	10	22	5450436
public_296754	2401	10	80	5298917
public_296815	2330	10	33	5156053
public_296865	2357	5	148	4938625
public_296910	2378	10	110	5012433
public_296913	2390	10	248	4440773
public_297376	2201	10	196	5318051
public_297527	2389	10	41	5267561
public_298042	2397	8	159	4992496
public_298279	2209	10	116	5113276
public_298284	2362	9	361	5111080
public_298767	2393	9	69	5153661
public_2988	2386	10	84	4964173
public_298910	2384	10	18	5131875
public_299079	2384	10	232	5041828
public_29910	2208	10	172	4814925
public_299180	2217	10	217	5154465
public_299317	2344	10	272	5317269
public_299381	2391	10	191	4697200
public_299390	2368	10	106	4871736
public_299549	2341	10	495	4857506
public_299567	2203	10	176	5489145
public_299600	2372	9	98	4986885
public_299803	2355	9	58	5188519
public_30020	2413	10	157	4900086
public_300503	2205	10	121	5032286
public_300616	2404	10	107	4870532
public_300763	2271	9	179	5293422
public_301068	2382	10	1	4558953
public_301198	2337	9	34	5249867
public_30122	2212	10	242	5345887
public_301281	2401	10	202	5002649
public_301333	2370	10	620	5568438
public_301598	2282	9	644	5029940
public_301648	2377	10	189	5241544
public_301813	2216	10	73	5483140
public_30182	2396	10	33	5051406
public_301848	2406	9	28	5685669
public_301891	2323	9	41	5295565
public_302177	2391	10	88	5116882
public_302341	2403	10	47	5159630
public_302360	2398	9	102	5253447
public_302549	2366	9	33	5113537
public_302600	2404	10	55	5276051
public_302693	2384	10	134	5165888
public_302768	2392	10	180	5351163
public_302952	2408	10	128	5245147
public_303124	2389	10	36	5204437
public_30314	2403	10	243	5308815
public_303515	2197	10	156	4968014
public_303569	2402	10	159	5066014
public_304004	2388	10	40	4963515
public_304099	2395	10	1	4773108
public_304147	2369	8	187	5055289
public_304310	2366	9	36	5286235
public_304747	2293	9	453	5383147
public_305307	2345	10	691	5227961
public_305365	2335	10	257	5404212
public_305466	2367	10	126	5324837
public_30567	2395	10	189	5048276
public_305675	2334	10	451	5291054
public_305704	2412	10	98	4717340
public_305803	2400	10	63	5108720
public_305847	2395	10	253	5067996
public_305899	2285	8	78	5488987
public_305934	2331	10	1	4746218
public_306159	2178	10	49	5279127
public_306227	2397	10	97	5054119
public_30637	2382	10	162	5395792
public_306391	2221	9	181	5089646
public_306458	2335	7	148	5198029
public_306592	2387	9	62	5534167
public_306769	2233	8	456	4982225
public_307158	2218	10	1288	5469374
public_307202	2185	9	567	5266057
public_307266	2404	10	26	5068091
public_307400	2401	9	35	5382781
public_307487	2321	10	47	5242442
public_307551	2386	10	134	5099022
public_30763	2405	10	48	5179216
public_307702	2390	10	259	5416193
public_308067	2189	10	149	5305741
public_308224	2407	10	2939	4418649
public_308411	2322	9	93	5407903
public_308530	2393	10	97	5296965
public_308721	2333	10	61	5188191
public_308728	2381	10	2	5179971
public_308863	2379	10	66	4978575
public_308896	2401	10	130	5239835
public_308923	2391	10	151	5343060
public_30932	2297	10	108	4839280
public_309352	2208	10	432	5287926
public_309384	2391	10	285	5051731
public_309764	2391	10	176	5359460
public_309799	2218	10	427	5379667
public_30980	2391	10	262	4901168
public_309832	2402	10	171	5294750
public_309835	2407	10	588	5406957
public_310011	2314	10	114	5248403
public_310306	2400	10	122	5099841
public_310523	2202	10	135	4955132
public_310533	2356	10	277	5194891
public_310776	2380	10	195	4637655
public_310896	2208	9	365	5312700
public_311798	2337	10	105	5100285
public_312155	2219	10	116	5068494
public_312194	2333	10	1	5108383
public_312414	2376	10	131	5340827
public_312588	2227	10	131	5256253
public_312640	2398	10	215	5095777
public_312927	2392	9	172	4968768
public_313054	2387	10	188	5365946
public_313596	2370	10	50	4829673
public_313773	2195	10	51	5483164
public_313821	2295	9	95	5354611
public_314388	2336	10	463	5352094
public_314437	2216	10	122	5164431
public_314468	2386	9	423	4797820
public_314665	2211	10	316	5264387
public_314715	2391	10	145	4878217
public_314915	2211	10	38	5243433
public_314947	2386	10	134	4814735
public_315216	2363	10	59	5519780
public_315361	2208	10	194	5248071
public_315395	2211	10	108	5177057
public_315434	2349	9	128	4910285
public_315437	2190	10	97	4976867
public_315522	2388	10	172	5044811
public_31562	2207	10	15	4592228
public_315979	2219	10	2560	4059555
public_316009	2189	9	33	5053522
public_316039	2326	9	162	5270343
public_316075	1301	6	189	5095547
public_31630	2392	10	369	5228339
public_3165	2203	10	186	4976634
public_31670	2383	10	262	5389663
public_318728	2385	10	274	5335863
public_319183	2352	5	48	5111341
public_319395	2402	10	63	4825448
public_319486	2399	10	2592	3907783
public_319546	1755	7	172	5345933
public_319893	2207	10	1	4938920
public_319934	2360	10	192	5340920
public_320063	2331	10	138	5096788
public_320161	2367	10	311	5283271
public_320384	2386	10	43	5358971
public_320982	2030	7	60	5293575
public_321129	2391	10	160	5358148
public_321202	2215	10	63	5466456
public_321240	2206	10	52	5399206
public_321513	2379	9	76	5368171
public_321697	2354	10	2714	5409971
public_321745	2361	10	433	4615501
public_321869	2207	10	442	4962035
public_321910	2173	9	35	5155539
public_32199	2401	10	260	5511816
public_322160	2202	8	345	4901224
public_322202	2388	10	26	5518340
public_322595	2391	6	161	5239024
public_322722	2379	9	37	5295835
public_3229	2330	10	139	5316658
public_322920	2309	9	47	5034544
public_322985	2323	9	475	5471196
public_323124	2390	10	119	5404432
public_323753	2387	10	224	5095957
public_32392	2377	10	29	5416945
public_324298	2347	8	206	5143678
public_324434	2391	10	47	5310744
public_32451	2392	10	698	5203437
public_324708	2381	10	103	4731158
public_324999	2353	9	145	5311542
public_325047	2397	10	564	5438488
public_325319	2403	10	40	5118987
public_325400	2216	10	41	5167543
public_325471	2133	9	144	5220161
public_325758	2396	10	120	5313770
public_325959	2232	10	757	5341287
public_326020	2378	4	135	5210063
public_326260	2352	10	48	5269132
public_326560	2333	10	185	5288634
public_326621	2373	10	100	5275855
public_326682	2213	10	187	5643383
public_326849	2370	10	22	4731104
public_326893	2384	10	541	5161414
public_327048	2199	10	139	5440904
public_327146	2403	10	115	5138808
public_327294	2317	8	1	4971461
public_327468	2228	10	144	5394461
public_327489	2357	10	110	5433381
public_327510	2387	9	27	5200653
public_327686	2391	10	191	5238287
public_32783	2383	10	94	4719088
public_327897	2405	10	19	5669753
public_327997	2212	9	113	4929195
public_328076	2360	9	149	5411912
public_32843	2309	10	219	5287204
public_328515	2362	10	79	5224171
public_328523	2374	10	197	5206380
public_328717	2339	9	47	5368543
public_328757	2394	10	72	5113135
public_329151	2372	10	132	5424254
public_32937	2207	10	29	5195834
public_329814	2255	8	28	4859607
public_330122	2200	10	86	5516021
public_330241	2391	10	147	4676797
public_330308	2395	10	22	5182047
public_330496	2388	10	43	5177514
public_330582	2390	10	44	5290809
public_330694	2357	9	52	4787382
public_33083	1909	8	218	5044371
public_330844	2363	10	196	5396154
public_331039	2397	9	122	5221118
public_331424	2338	10	64	5014444
public_331502	2328	10	320	5061687
public_331650	2369	10	57	5138978
public_331805	2392	10	66	5166387
public_331882	2109	6	6	4587712
public_3319	2392	10	524	5395629
public_332014	2263	10	52	5413892
public_332362	2397	10	50	5233919
public_332621	2391	9	57	5150412
public_332750	2351	9	23	4750886
public_333443	2391	10	70	5487708
public_333499	2395	10	1376	5050029
public_333523	2333	7	401	5517137
public_333579	2387	10	204	5260199
public_333707	2390	9	28	4897749
public_333835	2391	10	58	5317830
public_333841	2221	10	89	5044280
public_333887	2343	9	306	5176947
public_333906	2364	10	98	5524029
public_334124	2225	10	46	5203079
public_334169	2380	10	442	5343555
public_334336	2207	10	57	4913923
public_334437	2329	10	40	5116799
public_334470	2373	10	195	5299543
public_334666	2381	10	146	5174884
public_334738	2387	9	64	5272508
public_334843	2394	10	304	5466655
public_334902	2377	9	130	4833859
public_334993	2347	9	345	5214423
public_335707	2409	10	208	5066475
public_335883	2381	10	38	4896455
public_336113	2399	10	43	5218824
public_336122	2381	10	217	5061556
public_336306	2268	10	199	5435297
public_336481	2391	10	118	5096273
public_336486	2224	10	119	5183886
public_336600	2395	10	268	5194232
public_336799	2383	10	139	5282985
public_336820	2348	9	111	5298061
public_336924	2389	10	112	4831902
public_337310	2202	9	32	5065174
public_337418	2395	10	116	5028882
public_337933	2388	10	83	5734748
public_338143	2336	10	99	5154478
public_338193	2164	10	231	5655847
public_338196	2397	10	55	5307566
public_338407	2369	10	53	5182083
public_338511	1605	5	164	5305218
public_338733	2377	10	392	5384469
public_338822	2221	10	397	5207088
public_338857	2353	9	7	5155626
public_339573	2379	10	210	5332986
public_339773	2210	10	167	5325906
public_339811	2357	10	46	5224265
public_339958	2353	9	94	5051296
public_340011	2378	9	51	5296521
public_340051	2197	9	3	5028239
public_340166	2404	10	33	5022058
public_340541	2319	10	284	5134560
public_340999	2383	10	43	5252518
public_341446	2399	10	88	5345729
public_341526	2062	8	69	5280537
public_341678	2380	10	14	5341476
public_341758	2400	10	118	5080456
public_341896	2262	7	52	5281373
public_342585	2386	10	42	4730181
public_342745	2210	10	264	4965414
public_342785	2394	10	144	5099912
public_342907	2289	7	233	5440529
public_343342	2230	10	504	5457163
public_343424	2213	10	114	5249417
public_343474	2270	9	475	5414526
public_343679	2150	10	81	5229152
public_343811	2345	9	248	5362630
public_343856	2206	10	111	5163809
public_343926	2395	10	114	5173471
public_343931	2379	10	25	5167732
public_343975	2380	8	163	4955356
public_344165	2379	9	7	5412686
public_344275	2383	10	36	5230060
public_344400	2382	10	89	5075622
public_344579	2314	9	389	5256368
public_34461	2209	10	57	5214995
public_344708	2362	10	54	5541638
public_344809	2212	10	291	5481600
public_344852	2223	10	123	5446335
public_344888	2379	9	174	5060931
public_344987	2401	10	118	5246303
public_345032	2396	10	228	5493763
public_34507	2339	10	48	5219754
public_345238	2337	10	168	4938428
public_345305	2379	9	47	5178899
public_34539	2274	4	50	5426413
public_345497	2210	10	190	5276297
public_345531	2341	10	96	5223034
public_345564	2388	10	40	5196474
public_345983	2357	10	247	5408690
public_346387	2395	9	559	5253897
public_346663	2403	10	755	5275686
public_346717	2168	9	370	5091480
public_346897	2318	9	120	5209386
public_347589	2399	10	190	5099138
public_347595	2363	10	132	5219985
public_347712	2332	10	268	5099222
public_347769	2409	10	9	5604406
public_347787	2210	10	47	5127411
public_347835	2357	9	318	4924988
public_347892	2380	10	96	5634084
public_348450	2211	10	215	5043568
public_348488	2212	10	126	5266004
public_348524	2227	10	176	4769850
public_348559	2299	7	187	5239307
public_348682	2365	8	277	5321694
public_349117	2361	10	50	5317604
public_34918	2384	8	80	5388008
public_349221	2393	10	351	5359584
public_349307	2402	10	22	5929970
public_349452	2203	10	194	5000584
public_349613	2358	10	27	5314590
public_349836	2390	10	197	5270749
public_349934	2367	8	159	5498100
public_350144	2242	10	103	5268873
public_350147	2342	10	319	5527116
public_350374	2330	10	196	5331819
public_350514	2202	10	58	5140431
public_350549	2402	10	120	5209129
public_350682	2409	10	192	5560286
public_350718	2342	10	90	5345308
public_350784	2336	10	68	5030588
public_350872	2180	9	212	5204769
public_35088	2206	10	395	5294724
public_350913	2379	10	251	5254978
public_351005	2329	10	33	5012972
public_351474	2398	10	182	5188627
public_35151	2358	10	132	4934451
public_351832	2403	10	412	5323550
public_351979	2197	9	31	4816690
public_352112	2231	10	294	5106665
public_3524	2408	10	1	4935294
public_353015	2330	8	34	5206138
public_353512	2388	10	564	5236490
public_353515	2209	10	38	5457007
public_353569	2361	10	393	5146697
public_353986	2335	10	556	5264062
public_354113	2324	9	91	5052082
public_354304	2394	10	151	5151403
public_354440	2409	10	17	5390144
public_354561	2366	10	53	5076807
public_354785	2386	10	276	5148955
public_355173	2340	9	249	4907865
public_355400	2409	10	178	5258937
public_355535	2374	9	120	4982633
public_355651	2384	9	142	5222034
public_355725	2385	10	375	4985677
public_35607	2366	10	491	5318586
public_356077	2327	10	104	5099732
public_356298	2368	10	881	5298036
public_356491	2383	9	34	5049891
public_357057	2305	10	198	5163730
public_357155	2366	10	32	5071960
public_357196	2220	10	43	5126374
public_357244	2387	10	157	4723300
public_357295	2212	10	212	5087924
public_357493	2379	10	18	4838942
public_357937	2380	10	63	4745284
public_35814	2361	10	28	4681497
public_35843	2209	10	383	4999788
public_358434	2374	10	334	5141828
public_35878	2212	10	8	4917326
public_358927	2388	9	136	5308821
public_359105	2399	9	54	5391087
public_359110	2343	9	447	5371972
public_35915	2332	10	188	5355615
public_359272	2221	10	16	4660068
public_359307	2195	9	461	5170324
public_359427	2187	1	177	5229426
public_359827	2215	9	598	5371745
public_359909	2387	9	404	5364059
public_359958	2376	10	730	5540670
public_360073	2187	8	42	5435819
public_36031	2416	10	169	5163084
public_360351	2199	10	31	5504843
public_360481	33	0	178	5362172
public_360540	2331	10	68	5533688
public_360632	2386	10	40	4783899
public_361066	2402	9	80	5127174
public_361269	2337	10	433	5208246
public_361290	2339	9	229	5248906
public_36130	2356	9	167	5358117
public_361361	2382	10	92	5353500
public_361723	2330	10	107	5632708
public_362026	2370	10	179	5356930
public_362252	2403	10	52	5413189
public_362408	2376	10	62	5478162
public_362489	2409	10	240	5162892
public_362685	2358	10	64	4958978
public_362813	2391	10	424	5186948
public_36288	2393	10	120	5106636
public_362997	2366	10	301	5128451
public_363063	2395	10	14	4869974
public_3633	2397	9	5	5523477
public_363571	2388	10	19	4927595
public_363709	2216	10	194	5062487
public_363754	2228	10	604	5194267
public_363806	2403	10	76	5162282
public_364096	2399	10	43	5432043
public_364159	2391	10	108	4884312
public_364339	2395	10	298	4961819
public_364394	2382	10	559	5459491
public_364569	2321	10	17	4653786
public_364855	2393	10	242	5098282
public_364904	2330	9	132	5229253
public_364948	2211	10	306	5196886
public_364952	2400	10	65	5485621
public_365059	2326	9	33	5180441
public_365466	2325	9	55	5269776
public_365657	2331	10	41	5039947
public_365722	2390	10	26	5010331
public_365915	2302	9	41	4786814
public_366046	2299	9	177	5091775
public_366264	2203	10	133	5153602
public_366335	2337	10	24	4566735
public_366354	2382	10	192	5217547
public_366886	2203	10	32	4988156
public_366919	2189	10	59	5357747
public_367015	2381	10	44	5197505
public_367089	2382	10	116	4777481
public_367205	2391	10	32	5510053
public_367355	2211	10	155	5157527
public_367401	2363	10	65	5323700
public_367511	2201	10	155	4958859
public_367776	2390	10	3	5029323
public_367890	2301	10	445	5194147
public_368191	2211	10	1	5209548
public_368212	2389	10	87	5115347
public_368362	2340	10	211	5058401
public_368388	2389	9	187	4727165
public_36854	2408	10	238	5166633
public_368573	2407	10	472	5404722
public_368621	2396	10	289	5473677
public_368925	2211	10	217	5392651
public_369099	2367	10	270	5372969
public_369292	2395	10	36	5191030
public_36947	2392	10	682	5187850
public_369553	2333	9	269	4884171
public_369717	2378	10	200	5350454
public_369851	2192	10	221	5423045
public_369873	2314	10	49	5497467
public_370164	2167	9	151	5161255
public_370450	2392	10	46	5211834
public_370547	2357	9	125	5414139
public_371245	2368	10	72	5390055
public_371282	2210	10	33	5140884
public_371322	2376	10	2	5071018
public_371325	2387	10	43	5424634
public_37133	2199	10	168	4829725
public_371403	2359	10	181	5360304
public_371750	2402	10	108	5434637
public_371972	2394	10	131	5147897
public_37203	2212	10	60	5116733
public_372164	2211	10	115	4709037
public_372204	2387	10	1	4686137
public_372345	2183	10	445	5279028
public_372428	2366	10	574	4911376
public_37248	2394	10	8	5634850
public_372579	2403	10	161	5221519
public_372671	2350	9	84	5118737
public_372714	2331	10	185	5390537
public_372727	2206	10	156	5170822
public_372734	2207	10	20	4918269
public_373276	2411	10	68	5308142
public_373372	2395	10	397	4951735
public_373450	2397	10	179	5097926
public_37364	2416	10	70	5299129
public_373841	2334	8	38	5158110
public_373880	2392	10	89	5198379
public_37400	2382	9	1	4629812
public_374354	2322	9	32	4652566
public_374528	2382	10	550	5261919
public_374711	2406	10	3	5594477
public_374807	2212	10	120	5215288
public_374832	2378	10	72	4883581
public_375382	2382	10	243	5169282
public_375520	2210	10	251	5235555
public_375568	2333	7	83	5173444
public_3756	2391	10	143	5409495
public_37573	2382	10	68	5378775
public_375792	2341	9	56	5256328
public_376364	2401	10	32	5036718
public_376503	2377	10	33	5136093
public_376537	2397	10	128	5691368
public_376785	2214	10	580	5434754
public_376961	2389	10	54	5346724
public_377193	2390	10	192	5142948
public_377465	2340	10	76	5018127
public_377682	2189	10	354	5179604
public_377712	2345	10	66	5410763
public_377914	2220	9	147	5300581
public_377918	2205	10	188	5520056
public_377955	2208	10	1	5038386
public_377990	2399	10	997	5152556
public_378010	2208	10	244	5071898
public_378043	2208	10	30	5233365
public_378076	2398	10	81	5043541
public_378529	2391	10	73	5249419
public_378563	2395	10	97	5044340
public_378622	2375	10	49	5239901
public_378753	2410	10	355	4740105
public_378801	2389	10	154	5226094
public_378946	2391	10	47	4933346
public_379139	2307	10	134	5290814
public_379395	2367	10	31	5056314
public_379551	2192	10	423	5406798
public_379607	2392	10	96	5099397
public_380039	2369	10	46	5253263
public_380262	2405	10	34	5390404
public_38037	2367	10	188	5154233
public_380468	2382	10	99	5350288
public_380591	2397	10	224	5384987
public_380653	2370	10	623	5331665
public_380868	2212	10	43	5184502
public_380969	2219	10	203	5172280
public_380995	2366	10	280	5317281
public_381202	2389	10	98	5160700
public_381233	2360	9	172	5173174
public_381491	2225	10	166	5271896
public_381522	2385	10	133	5518276
public_381634	2385	10	346	5126813
public_38186	2201	10	139	5336948
public_382160	2396	10	63	5229971
public_382436	2363	10	182	5134752
public_382624	2380	10	55	5414383
public_38269	2380	9	39	4898555
public_382758	2403	9	48	5179811
public_382826	2323	10	181	5346737
public_382983	2405	10	40	4661306
public_383160	2215	10	980	5049816
public_383189	2381	10	43	5433730
public_383757	2382	9	31	5160598
public_383846	2413	10	79	5006892
public_383970	2198	9	235	5084185
public_384092	2342	10	175	5346503
public_384100	2385	10	149	5198138
public_384314	2398	10	45	5475455
public_384477	2224	9	140	5480674
public_38461	2215	10	400	5092807
public_384610	2377	10	237	5182766
public_384746	2388	10	29	5152459
public_385256	2153	9	59	5270977
public_385314	2384	10	417	5261054
public_385796	2339	10	109	5166910
public_385813	2228	10	690	5182610
public_385861	2167	9	38	5150080
public_386139	2389	10	38	5017208
public_386226	2397	9	25	5057151
public_386427	2389	10	5	5011605
public_38654	2211	10	405	5689893
public_38660	2401	10	121	5222895
public_386604	2374	10	114	5317440
public_387001	2404	10	54	5427907
public_38718	2391	10	53	5519566
public_387192	2390	10	155	4936942
public_387330	2363	10	38	5062208
public_387436	2206	10	116	5131691
public_387483	2359	10	299	4879700
public_387661	2368	10	66	4693090
public_38781	2391	10	90	5729265
public_387846	2213	10	530	5443298
public_387958	2384	10	96	5271678
public_388042	2406	10	116	5230424
public_388141	2389	10	129	4555240
public_388322	2387	10	306	5135834
public_388681	2330	10	189	5327796
public_388834	2384	10	94	5298052
public_388942	2398	10	199	5134038
public_388988	2342	5	661	5324591
public_38900	2393	10	149	4918959
public_389050	2388	10	198	5015876
public_389053	2213	10	65	5230036
public_389088	2391	10	363	5617783
public_389195	2353	8	2	5622737
public_389375	2199	10	111	5273422
public_389784	2406	10	47	4786951
public_389958	2224	9	5	4983288
public_390076	2320	9	77	4765458
public_390108	2394	10	235	5096447
public_390297	2385	8	44	5360691
public_390372	2361	10	159	4965207
public_390623	2350	10	48	5269722
public_390875	2393	10	73	5508988
public_390879	2407	10	126	5314964
public_390891	2392	9	154	5385928
public_391244	2397	6	93	4626745
public_391330	2392	10	79	5362018
public_39134	2202	10	195	5256731
public_391459	2383	10	84	5451210
public_39167	2413	10	256	5226602
public_39191	2205	9	14	5932641
public_392006	2369	10	276	5540893
public_392369	2380	10	48	5107065
public_392507	2359	10	37	5165353
public_392510	2186	9	196	5225500
public_392526	2390	10	195	5416707
public_392649	2387	10	132	4819146
public_392781	2401	10	56	5129241
public_392813	2338	10	140	4942928
public_393004	2393	10	156	4930352
public_393067	2382	10	274	5366571
public_393240	2299	10	30	5009267
public_39328	2194	10	251	5414454
public_393504	2390	10	158	5224070
public_393678	2211	10	175	4866889
public_393727	2385	10	123	5233535
public_394279	2362	10	160	4678866
public_394337	2217	10	360	5035052
public_394409	2205	10	252	4914599
public_394447	2211	10	183	4911937
public_394467	2386	10	170	5264979
public_394950	2191	10	465	5560734
public_395002	2357	10	121	5365092
public_395149	2392	10	632	5369936
public_395291	2386	10	213	5285209
public_39532	2052	9	50	5222104
public_395404	2204	10	127	5127674
public_395442	2348	10	287	5491589
public_395568	2375	10	188	4989743
public_395703	2384	10	121	5272514
public_395928	2375	10	152	5218828
public_395990	2212	10	698	5264304
public_396135	2125	9	118	4949220
public_396515	2364	10	125	5330425
public_396617	2381	10	130	5328967
public_396759	2221	10	145	5196316
public_396888	2380	9	203	5448404
public_397074	2310	9	232	5239028
public_397831	2300	9	90	5124140
public_398051	2303	5	60	4981663
public_398440	2392	9	71	5287202
public_398558	2211	10	135	4652606
public_398593	2400	10	195	5071907
public_398736	2324	10	304	5062805
public_398808	2382	9	39	5218657
public_399010	2406	10	856	5067739
public_399477	2343	10	228	5009618
public_399690	2389	10	95	5137238
public_400138	2390	10	219	5313998
public_400262	2341	10	204	5300128
public_400322	2221	10	38	5058460
public_400478	2221	10	63	5189427
public_400515	2392	10	35	4803089
public_400784	2316	10	462	5377423
public_400791	2377	10	133	5101369
public_401350	2212	10	97	4946441
public_401384	2377	10	185	4853958
public_401576	2392	10	252	5121565
public_401760	2409	10	125	4778266
public_401861	2404	10	994	4739402
public_401976	2380	10	274	5377490
public_402014	2404	9	188	5083624
public_402065	2365	10	40	4959688
public_402268	2131	10	150	5359959
public_402715	2390	10	105	5285350
public_403321	2405	10	45	5073251
public_403363	2299	3	13	5225009
public_403570	2390	10	210	5373741
public_403631	2323	9	177	5278375
public_40378	2224	10	155	5070287
public_403907	2340	9	91	4866777
public_404003	2350	9	118	5059437
public_404121	2408	10	33	5053825
public_404211	2324	7	62	5521207
public_404246	2218	10	127	5106346
public_404279	2336	9	162	5468788
public_404345	2103	10	18	5479839
public_404854	2222	10	272	5656666
public_404893	2207	10	75	5494508
public_404977	2392	10	200	5323372
public_405141	2291	10	384	5291360
public_405322	2393	10	27	4688464
public_405436	2250	9	38	5196934
public_405863	2339	10	6	5635305
public_405892	2207	10	249	5020824
public_40591	2386	10	27	5297998
public_405986	2393	10	391	5292633
public_406226	2377	10	560	5251157
public_406273	2380	9	264	5301316
public_406455	2213	10	52	5438336
public_406502	2364	10	56	5551996
public_406576	2361	10	172	4962287
public_406806	2210	10	176	5018403
public_406841	2205	10	37	5160014
public_406875	2384	10	127	5241282
public_406901	2242	9	534	5400080
public_407693	2375	9	293	5038756
public_407908	2405	10	68	4982384
public_407973	2348	9	146	5278747
public_408032	2321	10	86	5554557
public_408103	2362	10	89	5121027
public_408218	2208	10	51	5311247
public_408303	2234	10	415	5254629
public_408318	2221	9	550	5354144
public_408884	2214	10	217	5061962
public_408961	2068	8	42	5067116
public_40994	2392	10	43	5068691
public_409957	2338	10	176	5394127
public_410067	2399	10	172	4713709
public_410116	2390	10	289	5300242
public_410310	2388	10	34	5031282
public_410765	2388	10	48	5231963
public_410977	2202	10	171	5256700
public_411014	2332	9	712	5244311
public_411050	2396	10	198	5065061
public_411251	2330	9	92	5407372
public_411277	2389	10	148	5088051
public_411430	2396	10	47	5173758
public_411672	2391	10	138	5008898
public_412006	2302	10	60	5531102
public_41213	2210	10	369	5110498
public_412160	2349	10	187	5134854
public_412357	2205	10	51	5400275
public_412390	2382	10	3	5005347
public_41253	2333	10	61	5026616
public_412588	2217	10	432	5321288
public_412690	2345	9	107	5095219
public_412861	2391	10	191	5081392
public_413394	2389	9	270	5498502
public_413406	2332	10	1	4558947
public_413422	2208	10	190	5359418
public_413462	2201	10	172	5132510
public_413553	2352	9	130	5104704
public_414261	2287	10	42	5368812
public_414408	2111	10	178	5066961
public_41451	2351	9	105	4929218
public_415294	2391	10	43	5213940
public_415545	2338	10	56	5215872
public_415560	2401	10	398	4730730
public_415618	2391	9	194	5333053
public_415741	2180	10	42	4753012
public_416003	2226	10	41	4973995
public_416094	2400	10	227	5280267
public_416133	2105	8	234	5387428
public_416529	2380	9	41	5115371
public_416712	2381	10	230	5352989
public_416863	2399	10	22	5219195
public_416884	2402	10	68	5187380
public_417064	2342	10	396	5015097
public_417226	2211	10	486	5486058
public_417364	2410	10	203	5316584
public_417557	2403	10	94	4833169
public_41757	2407	10	558	5379516
public_417670	2377	10	155	4914937
public_417673	2408	10	1173	4654138
public_417819	2226	10	243	4442454
public_417857	2211	10	82	4808501
public_417903	2390	10	433	5302194
public_417973	2406	10	18	5398212
public_418002	2353	10	901	5173825
public_418204	2382	10	103	5159098
public_418432	2385	10	31	4841853
public_41847	2411	10	13	5261066
public_418529	2350	8	93	5527710
public_419022	2403	10	489	5065931
public_419144	2407	10	332	5712627
public_419305	2413	10	37	5124680
public_419310	2405	10	160	5310824
public_41936	2372	10	345	5499478
public_419446	2214	10	117	5265476
public_419649	2315	9	30	5343200
public_419819	2332	10	203	5060683
public_419914	2391	10	3	5069678
public_420055	2406	10	430	5373810
public_420218	2391	10	61	5389702
public_42028	2412	10	76	5178701
public_420397	2334	10	485	5572799
public_420431	2232	10	50	5213549
public_420498	2207	10	135	4836061
public_420594	55	0	540	5352539
public_420693	2211	10	495	5161016
public_420806	2393	10	101	5654850
public_420865	2393	9	33	5191837
public_420899	2406	10	42	5055910
public_421062	2210	10	122	5094139
public_421107	2208	10	427	5341788
public_421157	2378	10	900	4979444
public_421199	2228	10	1	4643538
public_421227	2353	9	180	5149783
public_42148	2218	10	8	4643920
public_421950	2344	10	438	5052534
public_42208	2352	10	298	5366906
public_422120	2319	10	216	4906646
public_4223	2338	9	5	5325888
public_422531	2358	9	180	5007529
public_422575	2354	9	627	5067802
public_422825	2376	10	51	5150212
public_422962	2391	10	16	5051154
public_423309	2368	10	257	5177956
public_423596	2394	10	46	5196750
public_423943	2323	10	24	4911586
public_424377	2379	9	710	5253032
public_424575	2318	9	271	4814637
public_424770	2392	10	174	5422993
public_424895	2214	10	152	5220947
public_42503	2390	9	209	5171154
public_425033	2392	10	137	5319764
public_425156	2386	10	87	5062140
public_425692	2401	10	208	5062980
public_425740	2229	9	122	4826400
public_42684	2299	9	145	5275184
public_42908	2385	9	214	5548571
public_43340	2385	10	33	5227535
public_43343	2392	10	29	5063952
public_43392	2331	10	131	5182386
public_43543	2330	10	45	5264871
public_43839	2186	10	99	5272822
public_43896	2202	10	884	5172710
public_43940	2221	10	74	5301363
public_43998	2382	10	706	5249143
public_4412	2367	9	65	5343630
public_44194	2377	10	102	5203662
public_44310	2357	10	88	5403985
public_44436	2399	9	183	5105702
public_44468	2221	10	10	5541583
public_44504	2387	7	508	5369127
public_44668	2406	9	204	5275791
public_44703	2401	10	143	4925970
public_44757	2416	10	93	5028039
public_44760	2320	9	127	5146745
public_44936	2353	10	174	5541966
public_45155	2409	10	42	5009832
public_45185	2211	10	80	4904109
public_45301	2403	10	183	5198295
public_454	2379	8	43	4802443
public_45428	2170	8	107	5392801
public_45612	2395	10	223	4445874
public_46117	2412	10	125	5331782
public_46237	2396	10	1	4630707
public_46285	2409	10	37	5077115
public_46496	2347	9	58	5186175
public_46601	2382	9	94	5355826
public_46651	2320	3	96	4411216
public_46725	2245	9	198	5348274
public_47234	2405	10	60	5246096
public_47297	2390	10	123	5672270
public_47653	2403	10	1062	5141435
public_47821	2391	10	134	4707979
public_48011	2232	10	208	5335516
public_48017	2390	10	27	5025790
public_4829	2387	10	363	5071821
public_48412	2380	10	41	5328477
public_48503	2389	10	198	5405645
public_48534	2398	10	192	5166967
public_48736	2341	10	248	4900815
public_48750	2233	10	194	5343061
public_48825	2406	10	187	5138655
public_48859	2221	10	28	5061337
public_48910	2316	10	75	5388604
public_49069	2400	10	158	5226241
public_49112	2393	10	121	5256728
public_49115	2398	10	41	4911804
public_49411	2396	10	56	5269436
public_49454	2375	10	57	5406666
public_49653	2383	10	179	5016737
public_49734	2393	10	194	5175824
public_49816	2392	10	123	5282695
public_49957	2392	10	141	4832506
public_50055	2212	10	2	5452353
public_50101	2386	10	289	5122071
public_50580	2315	10	258	5048206
public_50647	1018	3	159	5293411
public_5331	2210	10	182	4896235
public_5382	2377	10	633	5514200
public_53985	2405	10	49	5378239
public_54018	2343	9	129	5083282
public_54138	2404	10	129	4669908
public_54156	2196	9	211	5354669
public_54670	2343	10	548	5266597
public_54738	2260	9	126	5244479
public_55300	2210	10	186	5296317
public_55340	2223	10	49	5107446
public_55382	2331	9	191	5570846
public_55420	2182	10	1744	5072899
public_5544	2213	10	24	5297794
public_55556	2392	10	606	5268786
public_55612	2393	10	34	5298178
public_56031	2385	10	42	5008353
public_56486	2185	10	117	4926400
public_5661	2400	10	66	5107348
public_56618	2323	9	133	5043320
public_56649	2389	10	45	5265684
public_57139	2379	10	108	4966979
public_57770	2382	10	100	5018608
public_57807	2316	10	147	4925881
public_57832	2371	9	111	5054520
public_57887	2389	10	110	5468749
public_58419	2348	10	112	4789679
public_586	2389	10	507	5087744
public_58683	2280	10	138	5121088
public_5871	2391	10	31	5191452
public_58768	2214	10	40	5270802
public_58805	2401	10	457	5374719
public_5881	2388	10	52	5165861
public_58849	2392	10	56	5302065
public_59307	2400	10	204	5117670
public_59769	2367	10	539	4859863
public_59985	2276	10	33	4983563
public_60429	2387	10	57	5522156
public_6066	2215	10	217	5157411
public_60910	2210	10	15	5509549
public_6092	2266	6	202	5048743
public_6095	2369	10	168	5337905
public_60980	2383	9	92	4925475
public_61473	2396	10	416	5383539
public_61612	2403	10	99	5064765
public_61786	2211	10	84	5502157
public_61809	2378	9	3	5516736
public_62181	2406	10	29	5036144
public_62274	2372	10	162	5396856
public_62409	2395	10	121	5310180
public_6252	2346	10	180	4815274
public_62532	2222	10	235	5266830
public_62618	2403	10	117	5070534
public_62719	2364	10	127	5223419
public_63018	2386	9	219	4447294
public_63171	2399	10	44	5225330
public_63212	2208	10	104	4943716
public_63254	2381	10	413	4673288
public_63741	2389	10	92	5314974
public_64228	2402	10	240	5350951
public_64364	2382	10	36	5106869
public_64803	2371	5	236	5291822
public_64835	2220	10	405	4989757
public_64863	2332	10	72	5250696
public_64974	2371	10	65	5021526
public_65219	2357	9	122	4814452
public_65358	2344	10	580	5441950
public_65361	2392	10	356	5455500
public_65448	2407	9	117	5218479
public_65477	2390	10	200	5143262
public_65516	2394	10	105	5287681
public_65644	2395	9	57	5569621
public_65904	2219	10	293	5465378
public_66018	2338	10	57	4928129
public_66047	2310	10	120	5096077
public_6612	2393	9	50	5422182
public_66125	2349	10	44	4851566
public_66305	2396	10	168	5258161
public_66457	2396	10	4	5437407
public_66466	2378	10	115	5106858
public_6651	2391	10	148	4944201
public_66972	2375	9	225	5100563
public_67	2362	10	119	5009224
public_67165	2395	10	596	5350644
public_67437	2355	9	158	5209659
public_67471	2334	10	301	5260670
public_67840	2353	10	790	5614799
public_68171	2264	8	84	5223504
public_68747	2342	10	38	4751069
public_68951	2374	10	130	5246553
public_69683	2217	9	183	5279594
public_69829	2334	10	216	5350628
public_69922	2391	9	72	4872465
public_70050	2240	9	633	5587405
public_70465	2385	10	46	5023319
public_7085	2325	9	470	5450672
public_71087	2356	9	420	5103313
public_71136	2391	9	196	5079764
public_7119	2380	10	94	4790982
public_71299	2215	10	249	5257610
public_71476	2305	10	41	5410388
public_71920	2357	9	117	4669550
public_72029	2386	7	161	5115449
public_72200	2212	10	245	4980900
public_72229	2362	10	43	5193545
public_72459	2377	10	415	4959704
public_72630	2386	10	470	4874586
public_72826	2210	10	545	5259799
public_72885	2394	10	2	4839683
public_72951	2099	6	217	5645469
public_73175	2374	10	115	5464504
public_73302	2222	10	127	5528238
public_73329	2401	10	34	5131596
public_73366	2399	10	27	5021144
public_73603	2307	10	32	5000065
public_73836	2383	10	128	4822200
public_73949	2401	10	283	5164248
public_7398	2114	9	54	5307568
public_73988	2341	9	32	5201291
public_74030	2391	10	94	5300328
public_74041	2384	10	50	5521156
public_74096	2391	10	32	5138895
public_74561	2187	10	61	5445263
public_74665	2163	9	89	4755075
public_74864	2198	9	162	5298396
public_74995	2382	10	90	4673719
public_75117	2374	10	6	5666764
public_7544	2393	10	73	5075262
public_75725	2209	10	186	5318847
public_75758	2331	9	33	5146837
public_76393	2355	10	2924	5637892
public_76536	2205	10	548	5590918
public_76604	2396	10	24	5079254
public_76653	2331	7	87	5498823
public_76853	2357	9	117	4627215
public_77011	2389	10	116	5298948
public_77265	2383	9	122	5220639
public_7735	2379	10	186	5620606
public_77350	2399	10	386	4976174
public_77445	2211	10	30	5404111
public_77479	2389	10	53	5146027
public_77598	2210	10	205	5091775
public_77647	2392	10	205	5064122
public_77860	2336	9	64	5361604
public_78047	2230	8	198	5063786
public_78152	2338	10	50	5392023
public_78181	682	4	357	5298230
public_7885	2395	10	81	5277068
public_80775	2208	10	412	5378508
public_80778	2220	10	113	5434788
public_80809	2335	10	137	4945140
public_80847	2335	9	322	5388828
public_8086	2350	10	129	5176612
public_8151	2386	10	126	5197897
public_81694	2223	10	169	5269023
public_81734	2390	10	499	5141142
public_8206	2382	10	54	5264605
public_82163	2368	10	126	4705777
public_82758	2349	9	71	5565561
public_8313	2360	10	176	5354647
public_83482	2210	9	227	5732927
public_83704	2333	10	513	5363881
public_84011	2210	10	114	5189038
public_84084	2406	10	124	5279963
public_84337	2401	10	1	4570938
public_8443	2221	10	133	4953256
public_84487	2196	10	194	5218879
public_84517	2401	10	41	5150014
public_84674	2387	10	456	5415441
public_85151	2216	10	172	5236669
public_85210	2405	10	110	5227067
public_85223	2317	10	35	5420935
public_8534	2386	10	44	5174870
public_85593	2384	10	25	5389145
public_85755	2383	10	124	5331786
public_85829	2329	10	102	4956415
public_85846	2380	10	159	5187872
public_85982	2391	10	355	5118952
public_86261	2321	9	56	5304883
public_86446	2406	10	46	5330588
public_86675	2195	10	169	5214871
public_86700	2212	10	126	5361077
public_86821	2399	10	132	4945606
public_87089	2367	10	1	4835601
public_87848	2406	10	35	5154433
public_87975	2400	10	106	4931668
public_88012	2339	10	124	5060278
public_88030	2392	10	43	5173892
public_88274	2388	9	41	5231790
public_88447	2207	10	39	5133011
public_88476	2173	10	58	5385681
public_88767	2378	10	480	5425938
public_89288	2389	10	14	5508202
public_89565	2317	10	37	4971098
public_89635	2392	10	110	4987997
public_89827	2132	10	24	5040636
public_9006	2304	8	396	4994869
public_90225	2374	10	37	4780531
public_90590	2388	9	39	5269271
public_90613	2393	10	542	5338153
public_90811	2259	9	194	5133805
public_91253	2397	10	402	5152947
public_91498	2388	9	54	4979690
public_91709	2399	10	250	5475690
public_91896	2224	10	59	5032547
public_91969	27	0	31	5083292
public_93157	2387	9	32	5258990
public_93612	2377	10	16	5265760
public_93658	2350	8	108	5163027
public_93970	2398	10	284	4909364
public_94060	2389	8	110	5252407
public_94250	2342	9	77	5117675
public_94415	1525	5	504	5279051
public_9478	2211	10	183	4839164
public_9541	2408	10	76	5149389
public_9630	2359	10	33	5037301
public_96425	2336	9	186	5166853
public_96610	2331	10	696	5303222
public_96613	2229	10	34	5071451
public_96699	2389	10	722	5233946
public_97170	2396	10	16	5486042
public_97378	2363	10	140	5264612
public_97490	2338	10	121	5222474
public_97594	2313	10	45	5328527
public_97625	2333	10	191	5294360
public_97645	2189	10	190	5022210
public_97680	2203	9	123	4393089
public_97788	2212	10	378	5334506
public_97837	2362	10	479	5310324
public_97841	2290	10	483	5607875
public_97945	2379	10	90	5082652
public_98132	2391	10	17	5275844
public_98136	2212	10	46	5125451
public_98192	2359	10	367	4950226
public_9831	2211	10	182	5260294
public_98370	2208	10	53	5484689
public_98418	2291	9	27	4935378
public_98507	2384	10	28	4907252
public_9875	2205	10	52	5347900
public_98814	2394	10	198	4929288
public_98867	2387	10	37	5217691
public_98921	2373	10	91	5764314
public_99055	2220	10	115	5353649
public_99095	2214	10	542	5460136
public_9910	2383	10	137	5376211
public_99284	2348	10	263	5168083
public_99440	2392	10	260	5099949
public_99636	2281	10	6	5766081
public_9972	2214	10	189	5260643
public_99721	2215	10	241	5246595
public_99754	2369	10	557	5253065
public_99973	2402	10	193	5192502
