>lcl|1436893194000|3157663
>lcl|1436893255000|3157846
>lcl|1436893304000|3157993
>lcl|1436893683000|3159130
>lcl|1436893830000|3159571
>lcl|1436893909000|3159808
>lcl|2873786619000|3158573
>lcl|2873786739000|3158933
>lcl|2873786743000|3158945
>lcl|2873786800000|3159116
>lcl|2873786801000|3159119
>lcl|2873786859000|3159293
>lcl|2873786891000|3159389
>lcl|2873787160000|3160196
>lcl|4310679577000|3158082
>lcl|4310679620000|3158211
>lcl|4310679653000|3158310
>lcl|4310679683000|3158400
>lcl|4310679772000|3158667
>lcl|4310679800000|3158751
>lcl|4310679804000|3158763
>lcl|4310679831000|3158844
>lcl|4310679938000|3159165
>lcl|4310679984000|3159303
>lcl|4310680016000|3159399
>lcl|4310680048000|3159495
>lcl|4310680103000|3159660
>lcl|4310680113000|3159690
>lcl|4310680162000|3159837
>lcl|4310680221000|3160014
>lcl|4310680254000|3160113
>lcl|4310680315000|3160296
>lcl|4310680399000|3160548

3157663
3157846
3157993
3159130
	3159571
	3159808
3158573
3158933
3158945
3159116
3159119
3159293
	3159389
	3160196
	3158082
3158211
3158310
3158400
	3158667
3158751
3158763
	3158844
3159165
3159303
3159399
3159495
3159660
3159690
3159837
3160014
	3160113
	3160296
	3160548


==putative E. coli specific== (only E. coli in NR, >=90 %)
3159571
3159808
3159389
3160196
3158082
3158667
3158844
3160113
3160296
3160548
